0.000000  0.0000
0.001000  0.5000
0.002000  0.0000
0.003000 -0.5000
0.004000  0.0000
0.005000  0.7500
0.006000  0.0000
0.007000 -0.7500
0.008000  0.0000
0.009000  1.0000
0.010000  0.0000
0.012000  0.5000
0.014000  0.8660
0.016000  1.0000
0.018000  0.8660
0.020000  0.5000
0.022000  0.0000
0.024000 -0.5000
0.026000 -0.8660
0.028000 -1.0000
0.030000 -0.8660
0.032000 -0.5000
0.034000  0.0000
0.036000  0.2500
0.036500  0.7500
0.038000  0.7500
0.038500  0.2500
0.040000  0.2500
0.040500  0.7500
0.042000  0.7500
0.042500  0.2500
0.044000  0.0000
0.046000  1.0000
0.048000  0.0000
0.050000 -1.0000
0.052000  0.0000
0.054000  0.5000
0.054500 -0.5000
0.055000  0.5000
0.055500 -0.5000
0.056000  0.5000
0.056500 -0.5000
0.057000  0.5000
0.057500 -0.5000
0.058000  0.0000
0.060000  0.0000
0.061000  0.5000
0.062000  0.0000
0.062500  0.5000
0.063000  0.0000
0.063400  0.5000
0.063800  0.0000
0.064100  0.5000
0.064400  0.0000
0.064600  0.5000
0.064800  0.0000
0.065000  0.0000
0.070000  0.0000
0.071000  0.7500
0.071500  0.2500
0.072000  0.5000
0.073000 -0.5000
0.073500  0.0000
0.074000  0.2500
0.074500 -0.2500
0.075000  0.0000
0.075500  0.1250
0.076000 -0.1250
0.076500  0.0000
0.080000  0.0000
0.080200  0.5000
0.080400  0.0000
0.080600 -0.5000
0.080800  0.0000
0.081000  0.5000
0.081200  0.0000
0.081400 -0.5000
0.081600  0.0000
0.081800  0.5000
0.082000  0.0000
0.085000  0.0000
0.090000  0.2500
0.091000 -0.2500
0.092000  0.1250
0.093000 -0.1250
0.094000  0.0625
0.095000 -0.0625
0.096000  0.0000
0.098000  0.1000
1.000000  0.0000
